10 17
0 0 0 0 节点头 To search all the Edges.
1 120 100 4 大学会馆 大学会馆简介 
2 500 75 3 体育馆 体育馆简介
3 100 300 3 工学馆 红色的高大建筑，两侧向南北方向凸出，从天空俯视呈"工"字型，是东秦建筑群的颜值巅峰，也是学校最重要的教学活动场地，在休息日时常有卷王们在这里聚集自习。
4 200 800 3 图书馆 图书馆简介
5 250 300 4 沉思广场 沉思广场简介
6 250 450 3 鸡鸣湖 鸡鸣湖简介
7 100 600 4 一号食堂 一号食堂简介
8 500 400 4 校六公寓 校六公寓简介
9 350 400 4 缘石公园 缘石公园简介
10 300 700 3 网球场 网球场简介
1 2 1 250 5 110 140 90 190 80 400 75 495 40 290
1 3 1 150 2 165 120 210 115 260 110 295 110 225 90
2 5 0 200 1 95 495 150 290 245 265 295 260 160 370
2 8 1 180 2 122 510 130 510 390 510 395 510 220 525
3 5 1 140 4 325 120 325 140 325 220 325 245 280 190
3 6 1 70 3 347 110 440 120 475 205 480 245 410 170
3 7 1 190 2 347 105 595 105 595 105 595 105 450 85
4 7 0 210 7 662 105 715 105 765 180 795 200 750 125
4 10 1 220 6 795 205 730 210 725 240 720 295 740 260
5 8 1 120 3 325 270 325 430 360 490 395 505 300 400
5 9 0 30 3 335 270 350 310 370 350 395 355 360 300
6 7 1 80 1 490 245 525 135 565 110 595 110 525 185
6 8 0 80 4 497 255 550 300 550 450 460 500 540 370
6 9 0 40 5 470 270 445 295 430 325 430 345 415 300
7 10 1 50 3 630 120 635 200 655 280 695 300 610 205
8 9 0 50 0 430 370 430 415 440 460 440 495 405 440
8 10 0 140 1 462 510 660 490 715 360 720 320 650 465